     0/299     7.38G      5.28      3.61         0      8.89        21       512         0         0    0.0369         0      3.63      2.65         0
     1/299     11.8G      3.76      2.03         0      5.79        21       512     0.643     0.608     0.644     0.625      2.91      1.62         0
     2/299     11.8G      4.09      1.25         0      5.35        19       512     0.365     0.814     0.676     0.504      2.98      1.23         0
     3/299     11.8G      3.54      1.05         0      4.58        21       512     0.554      0.86     0.696     0.674      3.02     0.997         0
     4/299     11.8G      3.52      0.93         0      4.45        24       512     0.867     0.872     0.922      0.87      2.46      1.03         0
     5/299     11.8G      3.18     0.848         0      4.03        20       512     0.697     0.948     0.928     0.803      2.17     0.796         0
     6/299     11.8G      3.16     0.761         0      3.92        17       512     0.504     0.972     0.918     0.664      2.23     0.725         0
     7/299     11.8G      2.96     0.711         0      3.67        20       512     0.785      0.97     0.968     0.868      1.91     0.655         0
     8/299     11.8G      2.67     0.664         0      3.34        22       512     0.794     0.968     0.965     0.872      1.62     0.602         0
     9/299     11.8G      2.72     0.629         0      3.35        21       512     0.668     0.018    0.0522    0.0351      5.26      5.03         0
    10/299     11.8G      2.56     0.628         0      3.18        16       512     0.334     0.004    0.0255   0.00791      5.38      4.47         0
    11/299     11.8G      2.31     0.566         0      2.88        20       512     0.727     0.974     0.975     0.833      1.69     0.596         0
    12/299     11.8G       2.5     0.524         0      3.02        20       512     0.873      0.98     0.983     0.923      1.44     0.472         0
    13/299     11.8G      2.15     0.536         0      2.69        20       512     0.862     0.978      0.98     0.916      1.41     0.526         0
    14/299     11.8G       2.4     0.522         0      2.92        19       512     0.733     0.976     0.974     0.837      1.43     0.516         0
    15/299     11.8G      2.05     0.505         0      2.55        18       512     0.803     0.978     0.974     0.882      1.55     0.517         0
    16/299     11.8G      2.04     0.514         0      2.55        21       512     0.882     0.978     0.978     0.928      1.42     0.496         0
    17/299     11.8G       2.1     0.496         0      2.59        20       512     0.917     0.982     0.983     0.948       1.1      0.42         0
    18/299     11.8G      1.88     0.464         0      2.34        22       512     0.902      0.98     0.984     0.939      1.16     0.419         0
    19/299     11.8G      1.82     0.453         0      2.28        20       512     0.879      0.98     0.985     0.927      1.16     0.406         0
    20/299     11.8G      1.88     0.457         0      2.34        19       512     0.934     0.982     0.985     0.957      1.26     0.404         0
    21/299     11.8G      1.78     0.409         0      2.19        19       512     0.957      0.98     0.984     0.968      1.13     0.393         0
    22/299     11.8G      1.65     0.427         0      2.08        21       512     0.964     0.984     0.988     0.974      1.07     0.377         0
    23/299     11.8G      1.81     0.441         0      2.25        19       512     0.831      0.98     0.984     0.899      1.06     0.445         0
    24/299     11.8G       1.6     0.435         0      2.04        17       512     0.864     0.986     0.987     0.921      1.12     0.399         0
    25/299     11.8G      1.56     0.452         0      2.01        20       512     0.871     0.982     0.986     0.923      1.15     0.401         0
    26/299     11.8G      1.93      0.44         0      2.37        24       512     0.941      0.98     0.989      0.96      1.03     0.378         0
    27/299     11.8G      1.66      0.43         0      2.09        21       512     0.951     0.984     0.994     0.967      1.04     0.417         0
    28/299     11.8G      1.79     0.427         0      2.22        20       512     0.888     0.988     0.991     0.935     0.983     0.383         0
    29/299     11.8G      1.64     0.395         0      2.04        20       512     0.934      0.99     0.993     0.961     0.977     0.378         0
    30/299     11.8G      1.73     0.397         0      2.13        17       512     0.942     0.984     0.991     0.962     0.954     0.373         0
    31/299     11.8G      1.74     0.405         0      2.14        20       512     0.967     0.986     0.994     0.976     0.914     0.318         0
    32/299     11.8G      1.57     0.378         0      1.94        20       512     0.944     0.994     0.993     0.968      1.12     0.367         0
    33/299     11.8G      1.57     0.386         0      1.95        18       512     0.907     0.994     0.994     0.949     0.956     0.325         0
    34/299     11.8G      1.53     0.378         0      1.91        20       512     0.952     0.994     0.995     0.972     0.873     0.322         0
    35/299     11.8G      1.48     0.368         0      1.85        18       512     0.938     0.998     0.994     0.967      0.99     0.334         0
    36/299     11.8G       1.5     0.386         0      1.88        22       512     0.917     0.984      0.99     0.949     0.932     0.329         0
    37/299     11.8G      1.51     0.387         0       1.9        17       512     0.933     0.986      0.99     0.959       0.9     0.339         0
    38/299     11.8G      1.45     0.353         0      1.81        19       512     0.945     0.984     0.991     0.964     0.929     0.371         0
    39/299     11.8G      1.47      0.36         0      1.83        20       512     0.908     0.984     0.993     0.945     0.886     0.312         0
    40/299     11.8G      1.53     0.355         0      1.88        19       512     0.971     0.994     0.995     0.983     0.916     0.413         0
    41/299     11.8G      1.43     0.353         0      1.79        19       512     0.956     0.998     0.995     0.977     0.864     0.324         0
    42/299     11.8G      1.49     0.345         0      1.84        19       512     0.956         1     0.995     0.978     0.899     0.326         0
    43/299     11.8G      1.55      0.33         0      1.88        19       512     0.945         1     0.995     0.972     0.855      0.31         0
    44/299     11.8G      1.44     0.349         0      1.79        19       512     0.963     0.994     0.995     0.978     0.833     0.283         0
    45/299     11.8G      1.38     0.362         0      1.74        19       512     0.951     0.992     0.994     0.971     0.818     0.303         0
    46/299     11.8G      1.32     0.335         0      1.66        21       512     0.943     0.996     0.994     0.969     0.798     0.331         0
    47/299     11.8G      1.36     0.325         0      1.69        22       512     0.941         1     0.994     0.969     0.802     0.297         0
    48/299     11.8G      1.38     0.328         0      1.71        20       512     0.979     0.998     0.995     0.988     0.827     0.306         0
    49/299     11.8G      1.33     0.337         0      1.67        20       512     0.986     0.999     0.995     0.993      0.81     0.343         0
    50/299     11.8G       1.4     0.354         0      1.75        19       512     0.923     0.998     0.995     0.959     0.863     0.313         0
    51/299     11.8G      1.33     0.332         0      1.66        21       512     0.978     0.986     0.994     0.982      0.81     0.345         0
    52/299     11.8G      1.34     0.329         0      1.67        21       512     0.954     0.986     0.994      0.97     0.827     0.301         0
    53/299     11.8G      1.32     0.308         0      1.63        17       512     0.987     0.986     0.995     0.986     0.757     0.281         0
    54/299     11.8G      1.38     0.318         0       1.7        19       512     0.976     0.996     0.995     0.986     0.777     0.284         0
    55/299     11.8G      1.32     0.325         0      1.64        19       512      0.95     0.998     0.994     0.974     0.767     0.291         0
    56/299     11.8G      1.36     0.316         0      1.68        23       512     0.971     0.996     0.994     0.983     0.742      0.28         0
    57/299     11.8G      1.17     0.328         0       1.5        18       512     0.958     0.998     0.994     0.978     0.753     0.303         0
    58/299     11.8G      1.34       0.3         0      1.64        21       512     0.956         1     0.994     0.978     0.791     0.272         0
    59/299     11.8G      1.34     0.319         0      1.66        20       512     0.971     0.996     0.994     0.983     0.759     0.333         0
    60/299     11.8G      1.23     0.306         0      1.53        20       512     0.977         1     0.995     0.988     0.771     0.303         0
    61/299     11.8G      1.32     0.317         0      1.64        19       512     0.969         1     0.995     0.984     0.746       0.3         0
    62/299     11.8G      1.36     0.305         0      1.66        21       512     0.978         1     0.995     0.989     0.768     0.278         0
    63/299     11.8G      1.29     0.312         0       1.6        20       512     0.985         1     0.995     0.992     0.758     0.253         0
    64/299     11.8G      1.27      0.33         0       1.6        18       512     0.951         1     0.995     0.975     0.738     0.277         0
    65/299     11.8G      1.37     0.313         0      1.69        23       512     0.952     0.992     0.994     0.972     0.767     0.264         0
    66/299     11.8G      1.29     0.306         0       1.6        26       512     0.953     0.998     0.994     0.975     0.678     0.272         0
    67/299     11.8G      1.08     0.281         0      1.36        16       512     0.962     0.998     0.995      0.98       0.7     0.273         0
    68/299     11.8G      1.21     0.295         0      1.51        16       512     0.982         1     0.995     0.991      0.71      0.26         0
    69/299     11.8G      1.26     0.296         0      1.56        20       512     0.967         1     0.994     0.983     0.725     0.247         0
    70/299     11.8G      1.21     0.303         0      1.52        19       512     0.968         1     0.995     0.984     0.681     0.231         0
    71/299     11.8G      1.22     0.301         0      1.52        21       512     0.976         1     0.995     0.988     0.774     0.251         0
    72/299     11.8G      1.09     0.307         0       1.4        19       512     0.981         1     0.995     0.991     0.663     0.264         0
    73/299     11.8G      1.16     0.274         0      1.43        18       512     0.986     0.998     0.995     0.992     0.654     0.256         0
    74/299     11.8G      1.18     0.268         0      1.45        21       512     0.962     0.998     0.995      0.98     0.702     0.249         0
    75/299     11.8G      1.39     0.298         0      1.69        17       512     0.972     0.998     0.995     0.985     0.651     0.268         0
    76/299     11.8G      1.28     0.293         0      1.57        17       512     0.946     0.998     0.994     0.971     0.659     0.254         0
    77/299     11.8G      1.14     0.301         0      1.44        15       512     0.949     0.998     0.995     0.973      0.68     0.228         0
    78/299     11.8G      1.17     0.296         0      1.47        23       512     0.963     0.998     0.995      0.98     0.642     0.249         0
    79/299     11.8G      1.16     0.287         0      1.44        23       512     0.949     0.998     0.995     0.973     0.639     0.253         0
    80/299     11.8G      1.18     0.299         0      1.48        22       512     0.941         1     0.995      0.97      0.67     0.258         0
    81/299     11.8G      1.06      0.29         0      1.35        22       512      0.95         1     0.995     0.974     0.643     0.262         0
    82/299     11.8G      1.25     0.282         0      1.54        19       512     0.985     0.998     0.995     0.991     0.667     0.238         0
    83/299     11.8G      1.14     0.294         0      1.43        15       512     0.972         1     0.995     0.986     0.625     0.242         0
    84/299     11.8G      1.13     0.277         0      1.41        20       512     0.966         1     0.995     0.983     0.586     0.236         0
    85/299     11.8G      1.06     0.273         0      1.33        19       512     0.977         1     0.995     0.988     0.638     0.266         0
    86/299     11.8G      1.15     0.246         0       1.4        23       512     0.977         1     0.995     0.989     0.636     0.228         0
    87/299     11.8G      1.02     0.266         0      1.28        19       512     0.965         1     0.995     0.982     0.617      0.23         0
    88/299     11.8G      1.06     0.301         0      1.36        24       512     0.966         1     0.995     0.983     0.628     0.257         0
    89/299     11.8G      1.21     0.262         0      1.47        19       512      0.97     0.998     0.995     0.984     0.652     0.228         0
    90/299     11.8G      1.11     0.262         0      1.37        19       512     0.979         1     0.995     0.989     0.578      0.23         0
    91/299     11.8G     0.994     0.267         0      1.26        20       512     0.978         1     0.995     0.989     0.637     0.282         0
    92/299     11.8G     0.934      0.27         0       1.2        23       512     0.972         1     0.995     0.986     0.578     0.234         0
    93/299     11.8G      1.14     0.255         0       1.4        20       512     0.984         1     0.995     0.992      0.59     0.226         0
    94/299     11.8G     0.979     0.255         0      1.23        19       512     0.989         1     0.995     0.995     0.601     0.263         0
    95/299     11.8G      1.11     0.268         0      1.38        19       512     0.984         1     0.995     0.992     0.595     0.256         0
    96/299     11.8G      1.14     0.273         0      1.42        20       512     0.974         1     0.995     0.987     0.602     0.249         0
    97/299     11.8G      1.19     0.286         0      1.47        17       512     0.958         1     0.995     0.979     0.569     0.263         0
    98/299     11.8G      1.09     0.254         0      1.35        19       512     0.943         1     0.995     0.971      0.58     0.216         0
    99/299     11.8G      1.09     0.269         0      1.36        22       512     0.959         1     0.995     0.979     0.591     0.224         0
   100/299     11.8G      1.15     0.262         0      1.42        20       512     0.974         1     0.995     0.987     0.575     0.268         0
   101/299     11.8G      1.02     0.259         0      1.28        21       512     0.966         1     0.995     0.983     0.617      0.26         0
   102/299     11.8G      1.19     0.246         0      1.43        17       512     0.961         1     0.995      0.98     0.593     0.259         0
   103/299     11.8G      1.07     0.252         0      1.32        24       512     0.968         1     0.995     0.984     0.528     0.269         0
   104/299     11.8G      1.04     0.238         0      1.28        21       512     0.973         1     0.995     0.986     0.603     0.249         0
   105/299     11.8G      1.18     0.242         0      1.42        19       512     0.978         1     0.995     0.989     0.546     0.233         0
   106/299     11.8G      1.16     0.271         0      1.43        18       512     0.976         1     0.995     0.988     0.561     0.239         0
   107/299     11.8G      1.06     0.257         0      1.31        20       512     0.986         1     0.995     0.993     0.549     0.226         0
   108/299     11.8G     0.955     0.239         0      1.19        19       512     0.978         1     0.995     0.989     0.514     0.229         0
   109/299     11.8G      1.13     0.268         0       1.4        22       512     0.973         1     0.995     0.986     0.515     0.256         0
   110/299     11.8G     0.897     0.244         0      1.14        18       512     0.977         1     0.995     0.988     0.562     0.224         0
   111/299     11.8G     0.959     0.255         0      1.21        21       512     0.974         1     0.995     0.987     0.521      0.24         0
   112/299     11.8G     0.889     0.241         0      1.13        22       512     0.977         1     0.995     0.989     0.585     0.261         0
   113/299     11.8G     0.987      0.24         0      1.23        19       512     0.972         1     0.995     0.986     0.493     0.223         0
   114/299     11.8G     0.975     0.259         0      1.23        17       512     0.985         1     0.995     0.992     0.513     0.206         0
   115/299     11.8G     0.951     0.252         0       1.2        21       512     0.991         1     0.995     0.995      0.51     0.258         0
   116/299     11.8G      0.93     0.224         0      1.15        17       512     0.997         1     0.995     0.998     0.539     0.249         0
   117/299     11.8G      1.12     0.256         0      1.38        20       512         1     0.993     0.995     0.996     0.534     0.233         0
   118/299     11.8G      1.03     0.243         0      1.27        16       512     0.994      0.99     0.995     0.992     0.528     0.244         0
   119/299     11.8G      1.06     0.258         0      1.32        19       512     0.998         1     0.995     0.999     0.515     0.234         0
   120/299     11.8G      1.03     0.241         0      1.27        23       512      0.97         1     0.995     0.985     0.496     0.251         0
   121/299     11.8G      1.02     0.246         0      1.26        23       512     0.983         1     0.995     0.991     0.497     0.283         0
   122/299     11.8G     0.926      0.25         0      1.18        18       512     0.991         1     0.995     0.995     0.544     0.222         0
   123/299     11.8G         1     0.243         0      1.25        23       512     0.983     0.998     0.995      0.99     0.536     0.216         0
   124/299     11.8G      1.01     0.237         0      1.25        20       512     0.983         1     0.995     0.992     0.476     0.209         0
   125/299     11.8G      0.92     0.238         0      1.16        24       512     0.977         1     0.995     0.989     0.476     0.256         0
   126/299     11.8G     0.979     0.235         0      1.21        18       512     0.984         1     0.995     0.992     0.503     0.249         0
   127/299     11.8G      1.03     0.243         0      1.28        23       512     0.986         1     0.995     0.993     0.471     0.244         0
   128/299     11.8G     0.855     0.224         0      1.08        17       512     0.988         1     0.995     0.994     0.458     0.266         0
   129/299     11.8G     0.926     0.231         0      1.16        23       512     0.984         1     0.995     0.992     0.511     0.204         0
   130/299     11.8G      0.86     0.248         0      1.11        16       512     0.985         1     0.995     0.993     0.477     0.208         0
   131/299     11.8G     0.836     0.235         0      1.07        19       512     0.992         1     0.995     0.996     0.447     0.208         0
   132/299     11.8G     0.876     0.243         0      1.12        19       512     0.983         1     0.995     0.991     0.475      0.24         0
   133/299     11.8G      1.01     0.225         0      1.23        21       512     0.983         1     0.995     0.992      0.48     0.206         0
   134/299     11.8G     0.914     0.249         0      1.16        17       512     0.987         1     0.995     0.993     0.448     0.195         0
   135/299     11.8G     0.921     0.225         0      1.15        19       512     0.987         1     0.995     0.993     0.439      0.21         0
   136/299     11.8G     0.862     0.221         0      1.08        17       512     0.986         1     0.995     0.993     0.447     0.219         0
   137/299     11.8G      0.85     0.226         0      1.08        21       512     0.985         1     0.995     0.993     0.443     0.211         0
   138/299     11.8G     0.814     0.211         0      1.02        17       512     0.988         1     0.995     0.994     0.453     0.203         0
   139/299     11.8G     0.777     0.218         0     0.994        21       512     0.977         1     0.995     0.988     0.434     0.229         0
   140/299     11.8G     0.765     0.219         0     0.983        20       512     0.987         1     0.995     0.994     0.437     0.254         0
   141/299     11.8G     0.879     0.231         0      1.11        21       512     0.983         1     0.995     0.991     0.467     0.232         0
   142/299     11.8G     0.891     0.228         0      1.12        17       512     0.971         1     0.995     0.985     0.421      0.19         0
   143/299     11.8G     0.789     0.215         0         1        17       512     0.981         1     0.995      0.99     0.438     0.196         0
   144/299     11.8G     0.795      0.21         0      1.01        20       512     0.978         1     0.995     0.989     0.428     0.192         0
   145/299     11.8G     0.807     0.224         0      1.03        22       512     0.981         1     0.995      0.99     0.455     0.177         0
   146/299     11.8G     0.814     0.224         0      1.04        19       512      0.98         1     0.995      0.99     0.429      0.18         0
   147/299     11.8G     0.872     0.218         0      1.09        17       512     0.985         1     0.995     0.992     0.449     0.189         0
   148/299     11.8G     0.785     0.224         0      1.01        21       512     0.981         1     0.995     0.991     0.428     0.238         0
   149/299     11.8G     0.746     0.207         0     0.953        17       512      0.99         1     0.995     0.995       0.4     0.226         0
   150/299     11.8G     0.836     0.205         0      1.04        22       512     0.993         1     0.995     0.996     0.408     0.198         0
   151/299     11.8G     0.825      0.23         0      1.05        17       512     0.992         1     0.995     0.996     0.406     0.211         0
   152/299     11.8G     0.742     0.207         0     0.949        21       512     0.989         1     0.995     0.994     0.413     0.221         0
   153/299     11.8G     0.792     0.207         0     0.999        21       512     0.991         1     0.995     0.996     0.468     0.229         0
   154/299     11.8G      0.86     0.212         0      1.07        16       512     0.998         1     0.995     0.999      0.42     0.225         0
   155/299     11.8G     0.853     0.225         0      1.08        19       512     0.993         1     0.995     0.997     0.399      0.19         0
   156/299     11.8G     0.804     0.207         0      1.01        20       512      0.99         1     0.995     0.995     0.431     0.184         0
   157/299     11.8G     0.876     0.214         0      1.09        22       512     0.997         1     0.995     0.998     0.402     0.192         0
   158/299     11.8G     0.825     0.209         0      1.03        17       512     0.988         1     0.995     0.994      0.42      0.19         0
   159/299     11.8G     0.739     0.198         0     0.937        19       512     0.987         1     0.995     0.994     0.421      0.19         0
   160/299     11.8G     0.784     0.209         0     0.992        19       512     0.985         1     0.995     0.992     0.437     0.203         0
   161/299     11.8G      0.75     0.198         0     0.948        19       512     0.986         1     0.995     0.993     0.366     0.211         0
   162/299     11.8G     0.733     0.217         0     0.951        19       512     0.984         1     0.995     0.992     0.374      0.17         0
   163/299     11.8G     0.687     0.191         0     0.878        19       512     0.988         1     0.995     0.994     0.366     0.174         0
   164/299     11.8G     0.773     0.218         0     0.991        22       512     0.982         1     0.995     0.991     0.388     0.206         0
   165/299     11.8G     0.794     0.207         0         1        18       512      0.98         1     0.995      0.99       0.4     0.192         0
   166/299     11.8G     0.834     0.205         0      1.04        24       512     0.985         1     0.995     0.993     0.374     0.232         0
   167/299     11.8G      0.71     0.194         0     0.904        19       512     0.985         1     0.995     0.992     0.377     0.183         0
   168/299     11.8G     0.749     0.193         0     0.942        21       512     0.985         1     0.995     0.992     0.367     0.207         0
   169/299     11.8G     0.779     0.207         0     0.986        19       512      0.98         1     0.995      0.99      0.35     0.215         0
   170/299     11.8G     0.686     0.209         0     0.895        19       512     0.979         1     0.995     0.989     0.377     0.231         0
   171/299     11.8G      0.76      0.18         0      0.94        18       512     0.978         1     0.995     0.989     0.404     0.219         0
   172/299     11.8G     0.767     0.197         0     0.964        18       512     0.974         1     0.995     0.987     0.348     0.195         0
   173/299     11.8G     0.784     0.208         0     0.992        19       512     0.979         1     0.995     0.989     0.363     0.221         0
   174/299     11.8G     0.728      0.19         0     0.918        19       512     0.986         1     0.995     0.993     0.353     0.235         0
   175/299     11.8G     0.687      0.18         0     0.867        22       512     0.988         1     0.995     0.994     0.369     0.208         0
   176/299     11.8G     0.637     0.197         0     0.834        18       512     0.985         1     0.995     0.993     0.356     0.197         0
   177/299     11.8G     0.717     0.191         0     0.908        24       512     0.985         1     0.995     0.992     0.345     0.238         0
   178/299     11.8G     0.722     0.207         0     0.929        19       512     0.978         1     0.995     0.989     0.367     0.192         0
   179/299     11.8G     0.715     0.196         0     0.912        16       512     0.971         1     0.995     0.985     0.351     0.242         0
   180/299     11.8G     0.662     0.178         0     0.839        21       512     0.973         1     0.995     0.986     0.389     0.212         0
   181/299     11.8G     0.723     0.186         0     0.908        20       512     0.983         1     0.995     0.991      0.32     0.186         0
   182/299     11.8G     0.634     0.189         0     0.823        19       512     0.981         1     0.995      0.99     0.335     0.169         0
   183/299     11.8G     0.535     0.188         0     0.722        19       512     0.982         1     0.995     0.991      0.36     0.191         0
   184/299     11.8G     0.597      0.18         0     0.777        20       512     0.987         1     0.995     0.993     0.352     0.241         0
   185/299     11.8G     0.785     0.186         0     0.971        20       512     0.987         1     0.995     0.994     0.324     0.185         0
   186/299     11.8G     0.618     0.193         0     0.812        18       512     0.984         1     0.995     0.992     0.335     0.171         0
   187/299     11.8G     0.554     0.185         0     0.739        23       512     0.982         1     0.995     0.991     0.329     0.226         0
   188/299     11.8G     0.649     0.178         0     0.828        23       512     0.983         1     0.995     0.992     0.324     0.197         0
   189/299     11.8G     0.619     0.185         0     0.805        20       512     0.988         1     0.995     0.994      0.31     0.174         0
   190/299     11.8G     0.625     0.182         0     0.808        19       512     0.987         1     0.995     0.993      0.32     0.175         0
   191/299     11.8G     0.568     0.172         0     0.741        19       512     0.983         1     0.995     0.991     0.325     0.187         0
   192/299     11.8G     0.699     0.186         0     0.885        20       512     0.982         1     0.995     0.991      0.31     0.192         0
   193/299     11.8G     0.576     0.172         0     0.748        19       512     0.983         1     0.995     0.991     0.318     0.189         0
   194/299     11.8G     0.687      0.18         0     0.866        20       512     0.985         1     0.995     0.992     0.325     0.183         0
   195/299     11.8G     0.561     0.189         0      0.75        20       512     0.983         1     0.995     0.991     0.318       0.2         0
   196/299     11.8G     0.611     0.181         0     0.793        25       512     0.979         1     0.995      0.99     0.294     0.173         0
   197/299     11.8G     0.647     0.209         0     0.856        19       512     0.984         1     0.995     0.992     0.301     0.193         0
   198/299     11.8G     0.548      0.18         0     0.728        20       512     0.988         1     0.995     0.994     0.305     0.192         0
   199/299     11.8G     0.582     0.158         0      0.74        15       512     0.986         1     0.995     0.993     0.317     0.161         0
   200/299     11.8G     0.645     0.193         0     0.838        17       512     0.986         1     0.995     0.993     0.308     0.157         0
   201/299     11.8G     0.534     0.167         0     0.701        20       512     0.988         1     0.995     0.994     0.288      0.22         0
   202/299     11.8G       0.5     0.195         0     0.695        17       512     0.989         1     0.995     0.995     0.308     0.205         0
   203/299     11.8G     0.628     0.157         0     0.785        13       512     0.987         1     0.995     0.993     0.296     0.182         0
   204/299     11.8G     0.584     0.175         0     0.758        24       512     0.984         1     0.995     0.992     0.304     0.166         0
   205/299     11.8G     0.585     0.155         0     0.741        20       512     0.982         1     0.995     0.991     0.309     0.187         0
   206/299     11.8G     0.534     0.166         0       0.7        16       512     0.982         1     0.995     0.991     0.293     0.174         0
   207/299     11.8G      0.54     0.161         0     0.702        22       512     0.985         1     0.995     0.992     0.291       0.2         0
   208/299     11.8G     0.541      0.17         0     0.711        20       512     0.985         1     0.995     0.992     0.294     0.224         0
   209/299     11.8G     0.542     0.167         0     0.709        23       512     0.985         1     0.995     0.992     0.295     0.209         0
   210/299     11.8G     0.578     0.154         0     0.732        23       512     0.982         1     0.995     0.991      0.29     0.204         0
   211/299     11.8G     0.583     0.174         0     0.757        22       512     0.982         1     0.995     0.991     0.268     0.187         0
   212/299     11.8G     0.554     0.176         0      0.73        23       512     0.981         1     0.995     0.991     0.269     0.187         0
   213/299     11.8G      0.48     0.152         0     0.632        18       512     0.984         1     0.995     0.992      0.27     0.155         0
   214/299     11.8G     0.503     0.156         0      0.66        21       512     0.984         1     0.995     0.992     0.268     0.135         0
   215/299     11.8G     0.606     0.157         0     0.763        19       512     0.987         1     0.995     0.993     0.294     0.138         0
   216/299     11.8G     0.546     0.145         0     0.692        21       512     0.987         1     0.995     0.993     0.287     0.172         0
   217/299     11.8G     0.668     0.175         0     0.844        21       512     0.985         1     0.995     0.993     0.282     0.186         0
   218/299     11.8G     0.605     0.165         0      0.77        20       512     0.988         1     0.995     0.994     0.281     0.199         0
   219/299     11.8G      0.56     0.156         0     0.715        20       512     0.987         1     0.995     0.994     0.281     0.144         0
   220/299     11.8G     0.594      0.16         0     0.753        18       512     0.989         1     0.995     0.994     0.279     0.157         0
   221/299     11.8G     0.485     0.157         0     0.642        21       512     0.983         1     0.995     0.992     0.268     0.178         0
   222/299     11.8G      0.51     0.157         0     0.667        19       512     0.985         1     0.995     0.992     0.263     0.183         0
   223/299     11.8G     0.463     0.154         0     0.617        22       512     0.986         1     0.995     0.993     0.263     0.158         0
   224/299     11.8G     0.558     0.156         0     0.715        18       512     0.985         1     0.995     0.992     0.267     0.161         0
   225/299     11.8G     0.476     0.155         0     0.631        24       512     0.984         1     0.995     0.992     0.252     0.178         0
   226/299     11.8G     0.464     0.145         0     0.608        22       512     0.985         1     0.995     0.992     0.256     0.159         0
   227/299     11.8G     0.551     0.165         0     0.716        23       512     0.986         1     0.995     0.993     0.259     0.143         0
   228/299     11.8G     0.481      0.15         0      0.63        17       512     0.986         1     0.995     0.993     0.271      0.15         0
   229/299     11.8G     0.497     0.134         0     0.631        20       512     0.983         1     0.995     0.991     0.259     0.142         0
   230/299     11.8G     0.476     0.162         0     0.638        23       512     0.985         1     0.995     0.993      0.26      0.13         0
   231/299     11.8G     0.552     0.145         0     0.697        24       512     0.986         1     0.995     0.993     0.277     0.143         0
   232/299     11.8G     0.564     0.149         0     0.713        20       512     0.987         1     0.995     0.993     0.263     0.158         0
   233/299     11.8G     0.462     0.156         0     0.618        21       512     0.986         1     0.995     0.993      0.25     0.175         0
   234/299     11.8G     0.505     0.158         0     0.662        22       512     0.987         1     0.995     0.993     0.244     0.145         0
   235/299     11.8G     0.537     0.157         0     0.693        21       512     0.986         1     0.995     0.993     0.263      0.14         0
   236/299     11.8G     0.519     0.167         0     0.685        26       512     0.984         1     0.995     0.992     0.248     0.157         0
   237/299     11.8G     0.441      0.14         0     0.582        17       512     0.985         1     0.995     0.992      0.25     0.178         0
   238/299     11.8G     0.552     0.154         0     0.707        23       512     0.983         1     0.995     0.991     0.238     0.166         0
   239/299     11.8G     0.505     0.149         0     0.653        20       512     0.983         1     0.995     0.991     0.239     0.162         0
   240/299     11.8G     0.537     0.139         0     0.676        18       512     0.985         1     0.995     0.992     0.241     0.168         0
   241/299     11.8G     0.427     0.155         0     0.582        20       512     0.986         1     0.995     0.993     0.243     0.174         0
   242/299     11.8G     0.551     0.166         0     0.717        15       512     0.987         1     0.995     0.993     0.243     0.184         0
   243/299     11.8G     0.459     0.138         0     0.597        18       512     0.986         1     0.995     0.993     0.241     0.171         0
   244/299     11.8G     0.475      0.15         0     0.625        15       512     0.986         1     0.995     0.993     0.232     0.147         0
   245/299     11.8G     0.521     0.151         0     0.672        23       512     0.985         1     0.995     0.993     0.232     0.154         0
   246/299     11.8G     0.486     0.144         0      0.63        18       512     0.987         1     0.995     0.993     0.226     0.162         0
   247/299     11.8G     0.448      0.16         0     0.608        22       512     0.987         1     0.995     0.993     0.224     0.145         0
   248/299     11.8G     0.423     0.144         0     0.567        18       512     0.985         1     0.995     0.993     0.225     0.158         0
   249/299     11.8G     0.453     0.138         0     0.591        24       512     0.987         1     0.995     0.994     0.237     0.176         0
   250/299     11.8G     0.489     0.134         0     0.623        19       512     0.987         1     0.995     0.994     0.232     0.193         0
   251/299     11.8G     0.488     0.149         0     0.637        17       512     0.989         1     0.995     0.995     0.227     0.189         0
   252/299     11.8G      0.42     0.133         0     0.553        17       512     0.989         1     0.995     0.994     0.226     0.185         0
   253/299     11.8G      0.42     0.138         0     0.559        20       512     0.989         1     0.995     0.994      0.24     0.183         0
   254/299     11.8G     0.455     0.134         0     0.589        27       512     0.987         1     0.995     0.994     0.224     0.186         0
   255/299     11.8G     0.443     0.133         0     0.576        25       512     0.987         1     0.995     0.994     0.225     0.182         0
   256/299     11.8G     0.399     0.132         0     0.531        18       512     0.987         1     0.995     0.994     0.226     0.188         0
   257/299     11.8G     0.428     0.145         0     0.573        22       512     0.987         1     0.995     0.993     0.219     0.174         0
   258/299     11.8G     0.519     0.161         0     0.679        19       512     0.988         1     0.995     0.994     0.211     0.151         0
   259/299     11.8G     0.372     0.129         0     0.501        23       512     0.988         1     0.995     0.994     0.226     0.144         0
   260/299     11.8G     0.443     0.141         0     0.584        19       512     0.988         1     0.995     0.994     0.236     0.147         0
   261/299     11.8G     0.433     0.146         0     0.579        17       512      0.99         1     0.995     0.995     0.215     0.159         0
   262/299     11.8G     0.454     0.146         0       0.6        19       512     0.989         1     0.995     0.995     0.215     0.165         0
   263/299     11.8G     0.411     0.138         0     0.548        18       512     0.987         1     0.995     0.994      0.21     0.165         0
   264/299     11.8G     0.464     0.129         0     0.593        21       512      0.99         1     0.995     0.995     0.225     0.172         0
   265/299     11.8G      0.43     0.134         0     0.564        16       512     0.988         1     0.995     0.994     0.223     0.172         0
   266/299     11.8G     0.408     0.134         0     0.542        21       512     0.987         1     0.995     0.994      0.22      0.16         0
   267/299     11.8G     0.359     0.127         0     0.486        17       512     0.987         1     0.995     0.993     0.218     0.155         0
   268/299     11.8G     0.452     0.134         0     0.586        23       512     0.987         1     0.995     0.993      0.21     0.162         0
   269/299     11.8G     0.468     0.144         0     0.612        22       512     0.987         1     0.995     0.993     0.211     0.171         0
   270/299     11.8G     0.439     0.142         0     0.582        20       512     0.987         1     0.995     0.993     0.212     0.159         0
   271/299     11.8G     0.464      0.14         0     0.604        24       512     0.989         1     0.995     0.994     0.217     0.153         0
   272/299     11.8G     0.462     0.143         0     0.606        18       512     0.989         1     0.995     0.994     0.214      0.16         0
   273/299     11.8G     0.392     0.122         0     0.513        18       512     0.989         1     0.995     0.995     0.217     0.176         0
   274/299     11.8G     0.428      0.15         0     0.577        21       512     0.987         1     0.995     0.994     0.203     0.176         0
   275/299     11.8G     0.434     0.132         0     0.567        19       512     0.987         1     0.995     0.994     0.206     0.181         0
   276/299     11.8G     0.398     0.121         0     0.519        22       512     0.985         1     0.995     0.993     0.212      0.18         0
   277/299     11.8G     0.429      0.14         0     0.569        19       512     0.987         1     0.995     0.994     0.212     0.181         0
   278/299     11.8G     0.372     0.127         0     0.499        22       512     0.989         1     0.995     0.995     0.211     0.182         0
   279/299     11.8G     0.424     0.135         0      0.56        21       512     0.989         1     0.995     0.995     0.213      0.19         0
   280/299     11.8G      0.39     0.138         0     0.527        19       512     0.987         1     0.995     0.994     0.201      0.19         0
   281/299     11.8G      0.39     0.133         0     0.522        22       512     0.989         1     0.995     0.995     0.207     0.192         0
   282/299     11.8G     0.436     0.124         0      0.56        17       512     0.989         1     0.995     0.995     0.205     0.181         0
   283/299     11.8G     0.363     0.136         0       0.5        21       512     0.989         1     0.995     0.995     0.205     0.176         0
   284/299     11.8G     0.417     0.131         0     0.548        21       512     0.989         1     0.995     0.994     0.199     0.167         0
   285/299     11.8G     0.411     0.132         0     0.543        17       512     0.993         1     0.995     0.996     0.208     0.169         0
   286/299     11.8G     0.421     0.145         0     0.566        25       512     0.989         1     0.995     0.994     0.202     0.159         0
   287/299     11.8G     0.416     0.133         0     0.549        22       512     0.989         1     0.995     0.994     0.211     0.157         0
   288/299     11.8G      0.46     0.134         0     0.594        20       512     0.989         1     0.995     0.994     0.208     0.155         0
   289/299     11.8G     0.469     0.133         0     0.603        25       512     0.989         1     0.995     0.994     0.203     0.155         0
   290/299     11.8G     0.398     0.138         0     0.537        22       512     0.989         1     0.995     0.994       0.2     0.151         0
   291/299     11.8G     0.375     0.125         0       0.5        18       512     0.995         1     0.995     0.997     0.204      0.15         0
   292/299     11.8G     0.385     0.127         0     0.512        20       512     0.989         1     0.995     0.994     0.207      0.16         0
   293/299     11.8G     0.428     0.125         0     0.553        24       512     0.989         1     0.995     0.995     0.207     0.175         0
   294/299     11.8G     0.394     0.131         0     0.524        21       512     0.989         1     0.995     0.995     0.205     0.184         0
   295/299     11.8G     0.405     0.126         0     0.531        20       512     0.989         1     0.995     0.995     0.199     0.169         0
   296/299     11.8G     0.402     0.109         0      0.51        17       512     0.987         1     0.995     0.994     0.201      0.16         0
   297/299     11.8G     0.351     0.127         0     0.478        18       512     0.987         1     0.995     0.994     0.203     0.154         0
   298/299     11.8G       0.4     0.124         0     0.523        20       512     0.989         1     0.995     0.995       0.2     0.146         0
   299/299     11.8G     0.378     0.131         0      0.51        19       512     0.989         1     0.995     0.994     0.201     0.148         0
